Q Matrix
------------
0 252.8 0 0 160.8 0 0 0 0 0 0 0 0 0 0 0 
201.6 0 0 0 0 316.8 0 0 0 0 0 0 0 0 0 0 
0 0 0 396.8 0 0 0 0 0 0 0 0 0 0 0 0 
0 0 316.8 0 0 0 0 496.8 0 0 0 0 0 0 0 0 
201.6 0 0 0 0 0 0 0 128 0 0 0 0 0 0 0 
0 252.8 0 0 0 0 396.8 0 0 0 0 0 0 0 0 0 
0 0 0 0 0 316.8 0 496.8 0 0 0 0 0 0 0 0 
0 0 0 0 0 0 396.8 496.8 0 0 0 0 0 0 0 0 
0 0 0 0 160.8 0 0 0 0 0 0 0 102.4 0 0 0 
0 0 0 0 0 0 0 0 0 0 51.2 0 0 81.6 0 0 
0 0 0 0 0 0 0 0 0 64.8 0 40.8 0 0 0 0 
0 0 0 0 0 0 0 0 0 0 51.2 0 0 0 0 32 
0 0 0 0 0 0 0 0 128 0 0 0 0 81.6 0 0 
0 0 0 0 0 0 0 0 0 64.8 0 0 102.4 0 0 0 
0 0 0 0 0 0 0 0 0 0 0 0 0 0 0 32 
0 0 0 0 0 0 0 0 0 0 0 40.8 0 0 25.6 0 
